46
53
55
77
83
88
97
111
115
133
149
154
156
216
221
223
224
225
240
257
260
266
267
268
270
271
273
294
297
309
312
313
325
328
333
344
346
355
363
368
369
371
373
379
381
392
400
404
407
409
413
422
427
428
437
439
443
451
454
455
459
466
467
474
476
487
489
493
494
503
509
512
518
520
525
529
530
531
538
549
559
561
562
566
570
573
581
582
583
584
586
591
592
598
613
614
622
629
655
657
668
681
691
702
725
734
748
751
757
760
766
768
770
774
787
791
799
813
815
828
831
832
839
847
855
856
857
859
868
870
873
874
885
891
892
895
897
906
916
918
921
922
925
945
948
950
952
953
955
968
971
988
992
1001
1008
1012
1014
1016
1020
1040
1052
1061
1064
1065
1079
1081
1083
1095
1096
1103
1114
1129
1130
1132
1140
1143
1145
1146
1156
1158
1166
1170
1173
1176
1179
1185
1190
1197
1199
1202
1210
1212
1217
1223
1233
1234
1237
1242
1243
1244
1253
1251
1252
1256
1264
1266
1267
1269
1270
1278
1280
1285
1287
1289
1299
1317
1321
1325
1328
1331
1335
1336
1338
1340
1341
1342
1348
1356
1359
1377
1383
1390
1389
1408
1420
1437
1438
1444
1447
1450
1451
1456
1458
1463
1468
1469
1470
1475
1479
1483
1494
1505
1517
1521
1523
1527
1532
1552
1557
1558
1561
1587
1586
1596
1600
1601
1606
1608
1615
1616
1627
1630
1644
1651
1653
1664
1672
1676
1682
1679
1685
1694
1698
1707
1719
1731
1741
1745
1752
1756
1761
1767
1770
1775
1781
1793
1794
1796
1797
1798
1802
1814
1817
1824
1830
1833
1842
1844
1846
1848
1855
1857
1858
1865
1867
1877
1879
1893
1897
1909
1922
1926
1938
1939
1945
1954
1955
1956
1971
1973
1975
1979
2002
2006
2007
2013
2014
2022
2023
2027
2029
2036
2043
2045
2056
2072
2068
2074
2075
2077
2083
2094
2099
2100
2107
2112
2117
2118
2119
2120
2147
2149
2150
2153
2155
2160
2161
2164
2165
2182
2183
2187
2190
2193
2196
2218
2231
2233
2235
2241
2244
2249
2252
2256
2262
2268
2269
2272
2278
2279
2287
2289
2290
2295
2296
2299
2305
2315
2329
2342
2343
2350
2352
2354
2356
2362
2363
2369
2378
2384
2398
2408
2413
2415
2419
2421
2423
2427
2436
2440
2442
2443
2451
2457
2458
2467
2499
2517
2522
2532
2548
2554
2555
2558
2571
2563
2567
2574
2580
2587
2606
2612
2622
2627
2639
2641
2663
2657
2662
2666
2675
2678
2687
2689
2692
2694
2695
2701
2707
2709
2718
2721
2722
2727
2730
2731
2733
2739
2740
2741
2742
2751
2759
2767
2776
2779
2790
2791
2802
2803
2804
2823
2830
2836
2841
2846
2849
2860
2871
2884
2902
2910
2913
2915
2919
2922
2923
2926
2944
2947
2949
2958
2959
2961
2963
2968
2977
2989
2990
2992
2994
2996
3038
3035
3040
3055
3059
3067
3066
3074
3082
3084
3092
3094
3097
3100
3107
3111
3122
3123
3130
3135
3136
3152
3144
3166
3168
3170
3182
3196
3206
3220
3228
3229
3237
3238
3252
3259
3261
3266
3274
3308
3284
3285
3289
3293
3311
3322
3335
3325
3328
3339
3363
3364
3368
3369
3379
3380
3384
3388
3421
3398
3405
3406
3415
3416
3424
3425
3427
3430
3434
3435
3440
3444
3447
3450
3451
3456
3472
3477
3481
3483
3485
3487
3491
3493
3500
3503
3511
3516
3520
3524
3525
3533
3536
3538
3542
3543
3546
3553
3557
3561
3564
3571
3573
3574
3576
3577
3587
3590
3597
3608
3610
3611
3618
3623
3626
3627
3628
3632
3643
3646
3647
3650
3652
3663
3664
3666
3669
3671
3679
3682
3685
3686
3691
3692
3697
3702
3714
3716
3720
3721
3722
3730
3736
3738
3748
3768
3785
3789
3809
3797
3799
3800
3808
3828
3830
3831
3846
3850
3866
3869
3870
3874
3880
3881
3886
3889
3902
3914
3919
3926
3929
3934
3939
3942
3951
3953
3969
3979
3985
3989
3996
4004
4007
4012
4023
4032
4034
4036
4038
4040
4054
4062
4067
4076
4077
4078
4081
4083
4085
4098
4111
4124
4128
4136
4137
4139
4153
4151
4152
4156
4167
4168
4181
4182
4187
4197
4208
4214
4218
4222
4228
4230
4232
4239
4242
4248
4250
4252
4255
4260
4265
4269
4275
4280
4287
4298
4299
4300
4303
4308
4316
4317
4319
4323
4340
4341
4343
4347
4353
4356
4360
4370
4377
4380
4386
4387
4388
4393
4396
4400
4401
4403
4428
4432
4439
4440
4441
4456
4458
4459
4461
4462
4468
4479
4483
4486
4492
4497
4503
4511
4516
4522
4528
4536
4537
4538
4539
4540
4541
4542
4552
4553
4557
4564
4625
4572
4574
4589
4596
4597
4599
4612
4615
4620
4629
4630
4634
4639
4643
4651
4654
4655
4656
4658
4666
4669
4670
4691
4695
4698
4702
4704
4705
4709
4724
4731
4732
4735
4736
4745
4746
4747
4750
4751
4755
4757
4758
4763
4766
4776
4778
4784
4789
4803
4804
4808
4814
4825
4836
4837
4874
4850
4858
4871
4877
4881
4883
4885
4889
4890
4892
4893
4895
4902
4907
4912
4917
4921
4933
4934
4941
4942
4947
4950
4951
4952
4953
4955
4970
4980
5000
5006
5009
5016
5028
5034
5037
5040
5042
5046
5048
5049
5050
5057
5059
5061
5068
5070
5074
5078
5084
5091
5109
5116
5121
5126
5130
5141
5148
5149
5155
5167
5174
5177
5181
5185
5188
5193
5202
5207
5208
5209
5217
5221
5222
5226
5232
5236
5237
5241
5244
5245
5251
5252
5253
5268
5270
5283
5284
5300
5308
5326
5333
5334
5336
5337
5342
5343
5345
5354
5362
5363
5364
5375
5378
5395
5397
5398
5400
5402
5406
5411
5413
5416
5423
5427
5437
5449
5450
5452
5454
5456
5463
5465
5466
5472
5473
5478
5571
5490
5495
5500
5501
5503
5506
5512
5517
5521
5522
5527
5541
5543
5551
5560
5566
5572
5576
5589
5594
5595
5597
5600
5601
5602
5603
5605
5610
5611
5612
5615
5616
5621
5637
5647
5652
5653
5658
5680
5668
5675
5677
5679
5686
5687
5693
5694
5701
5708
5709
5713
5725
5727
5736
5737
5747
5749
5756
5759
5764
5767
5775
5780
5781
5788
5796
5801
5802
5806
5813
5817
5818
5822
5825
5841
5845
5858
5863
5870
5875
5876
5880
5883
5885
5894
5898
5900
5901
5908
5916
5923
5929
5931
5940
5952
5954
5959
5972
5974
5977
5987
5993
5995
5996
5998
6001
6004
6015
6016
6032
6033
6035
6040
6052
6074
6080
6082
6086
6088
6091
6092
6097
6109
6111
6112
6114
6116
6118
6119
6127
6130
6134
6135
6137
6138
6141
6142
6144
6145
6154
6160
6162
6163
6165
6171
6173
6174
6175
6187
6190
6191
6199
6203
6208
6213
6215
6216
6217
6219
6221
6230
6231
6241
6246
6251
6263
6271
6272
6274
6276
6277
6289
6291
6293
6295
6299
6300
6301
6306
6313
6316
6317
6325
6329
6334
6335
6336
6339
6342
6344
6347
6357
6365
6366
6383
6392
6393
6395
6401
6405
6407
6412
6415
6419
6425
6426
6435
6438
6439
6444
6445
6494
6453
6457
6463
6469
6471
6477
6480
6485
6495
6497
6503
6504
6519
6522
6524
6525
6533
6548
6566
6568
6571
6576
6584
6585
6589
6593
6595
6597
6598
6599
6602
6604
6621
6624
6630
6635
6639
6641
6642
6645
6647
6650
6651
6658
6659
6672
6674
6678
6680
6682
6683
6689
6697
6700
6711
6715
6716
6717
6724
6725
6735
6736
6746
6747
6751
6757
6769
6777
6779
6781
6782
6789
6795
6802
6804
6805
6807
6809
6820
6821
6822
6825
6826
6838
6839
6846
6850
6851
6854
6860
6862
6864
6869
6876
6894
6907
6908
6914
6921
6925
6928
6932
6935
6944
6949
6952
6954
6966
6970
6977
6990
6991
6992
6994
7064
6996
6999
7000
7006
7016
7022
7028
7038
7039
7040
7043
7050
7057
7060
7063
7069
7070
7071
7072
7075
7077
7088
7092
7102
7104
7110
7118
7119
7124
7126
7133
7138
7139
7141
7143
7155
7156
7157
7159
7160
7163
7165
7174
7175
7177
7178
7180
7181
7187
7192
7193
7202
7211
7219
7221
7232
7233
7234
7236
7238
7240
7243
7251
7252
7253
7258
7261
7262
7263
7265
7266
7267
7275
7280
7299
7302
7304
7305
7317
7323
7324
7327
7328
7330
7331
7332
7334
7339
7342
7343
7344
7345
7347
7366
7376
7385
7387
7391
7394
7400
7414
7415
7416
7424
7432
7438
7439
7440
7443
7451
7459
7462
7469
7470
7474
7479
7499
7502
7504
7512
7518
7520
7521
7525
7527
7530
7539
7541
7546
7552
7555
7557
7571
7574
7575
7577
7579
7589
7590
7591
7594
7603
7605
7606
7618
7619
7625
7630
7631
7633
7636
7637
7644
7646
7648
7655
7657
7662
7666
7668
7670
7671
7679
7681
7688
7690
7697
7698
7701
7703
7707
7713
7715
7717
7719
7721
7723
7726
7735
7744
7752
7753
7760
7765
7769
7774
7778
7780
7782
7785
7787
7790
7796
7800
7803
7805
7806
7808
7813
7814
7816
7819
7821
7822
7823
7827
7837
7839
7852
7855
7872
7857
7861
7862
7871
7873
7876
7877
7878
7879
7881
7883
7888
7895
7897
7898
7902
7907
7908
7909
7910
7918
7931
7934
7937
7943
7945
7948
7955
7967
7975
7976
7978
7997
7990
7998
8005
8009
8010
8013
8015
8026
8029
8034
8035
8037
8040
8043
8046
8051
8055
8059
8076
8077
8093
8095
8099
8105
8109
8112
8116
8120
8127
8132
8135
8137
8139
8143
8147
8149
8158
8159
8161
8164
8167
8168
8170
8172
8186
8188
8193
8197
8198
8200
8203
8210
8222
8224
8231
8233
8235
8241
8247
8248
8250
8252
8269
8272
8273
8274
8278
8284
8286
8293
8294
8297
8299
8305
8307
8308
8313
8318
8325
8331
8333
8337
8347
8352
8355
8359
8360
8365
8366
8368
8370
8376
8385
8389
8393
8401
8417
8419
8425
8434
8438
8439
8441
8443
8449
8450
8454
8457
8458
8462
8482
8489
8492
8495
8497
8505
8506
8507
8514
8521
8528
8536
8541
8547
8548
8549
8551
8553
8556
8559
8566
8567
8569
8574
8577
8578
8579
8580
8583
8584
8586
8595
8602
8605
8612
8619
8629
8637
8644
8649
8656
8667
8671
8673
8676
8683
8685
8686
8692
8693
8696
8699
8700
8703
8705
8708
8709
8711
8719
8720
8721
8724
8726
8728
8729
8731
8743
8749
8765
8770
8771
8781
8785
8787
8789
8792
8798
8801
8805
8806
8813
8818
8820
8821
8829
8833
8836
8837
8840
8849
8850
8859
8869
8872
8879
8880
8890
8893
8894
8902
8915
8919
8920
8921
8925
8928
8930
8931
8936
8942
8945
8946
8957
8958
8963
8966
8972
8976
8982
8992
8993
8997
9004
9009
9011
9014
9016
9017
9020
9022
9029
9031
9036
9039
9042
9044
9047
9048
9052
9057
9066
9078
9079
9081
9083
9087
9091
9095
9096
9107
9110
9111
9112
9119
9122
9124
9127
9140
9146
9147
9148
9150
9152
9153
9155
9156
9158
9162
9164
9167
9168
9178
9184
9185
9188
9195
9196
9204
9210
9211
9216
9218
9219
9221
9233
9234
9235
9236
9242
9243
9250
9254
9394
9262
9265
9268
9269
9271
9274
9276
9279
9280
9281
9286
9293
9309
9311
9312
9314
9315
9317
9331
9332
9337
9338
9339
9344
9353
9354
9355
9367
9368
9374
9375
9379
9381
9386
9390
9398
9406
9408
9414
9415
9419
9421
9425
9433
9434
9440
9446
9454
9455
9458
9459
9463
9480
9490
9493
9494
9495
9498
9501
9510
9511
9512
9513
9519
9521
9522
9528
9535
9537
9542
9555
9558
9559
9567
9573
9575
9596
9607
9613
9617
9623
9698
9721
9741
9643
9644
9650
9653
9656
9657
9659
9664
9666
9669
9670
9671
9672
9673
9674
9679
9684
9685
9689
9692
9693
9696
9699
9705
9707
9710
9712
9713
9715
9716
9720
9722
9724
9728
9730
9731
9732
9733
9739
9740
9745
9746
9747
9749
9751
9756
9760
9761
9764
9775
9782
9786
9793
9794
9800
9801
9807
9808
9824
9827
9828
9829
9834
9841
9842
9844
9847
9848
9853
9860
9862
9864
9867
9868
9875
9884
9885
9889
9891
9893
9895
9904
9913
9916
9917
9924
9927
9928
9930
9931
9932
9934
9937
9938
9939
9947
9952
9953
9955
9956
9970
9972
9978
9979
9985
9989
9991
9992
9996
9999
10000
10001
10005
10009
10012
10015
10040
10042
10044
10045
10046
10047
10050
10051
10052
10054
10058
10060
10067
10069
10078
10080
10458
10084
10085
10088
10093
10098
10102
10107
10113
10115
10123
10125
10126
10130
10133
10145
10146
10149
10153
10154
10157
10160
10161
10164
10171
10172
10175
10176
10178
10180
10183
10188
10195
10202
10203
10204
10207
10209
10219
10230
10232
10234
10238
10239
10242
10244
10246
10247
10250
10251
10253
10259
10262
10269
10278
10280
10298
10301
10302
10306
10313
10315
10316
10322
10326
10327
10329
10333
10335
10340
10344
10351
10352
10355
10357
10359
10362
10363
10365
10372
10374
10376
10377
10378
10385
10386
10390
10405
10413
10416
10418
10420
10425
10427
10429
10430
10431
10438
10441
10444
10449
10454
10463
10466
10470
10473
10475
10476
10486
10489
10490
10491
10497
10499
10500
10501
10504
10507
10514
10518
10521
10522
10524
10525
10532
10551
10557
10569
10570
10571
10577
10582
10588
10590
10591
10592
10598
10602
10603
10605
10607
10610
10612
10615
10617
10618
10626
10638
10640
10644
10646
10650
10654
10657
10660
10670
10672
10680
10682
10684
10686
10687
10689
10696
10697
10706
10708
10710
10711
10713
10724
10731
10741
10742
10755
10757
10761
10766
10772
10777
10787
10793
10794
10795
10810
10811
10812
10962
10813
10819
10820
10821
10823
10828
10830
10831
10834
10836
10837
10840
10842
10844
10846
10850
10853
10860
10863
10867
10870
10874
10875
10879
10880
10883
10886
10887
10892
10893
10905
10909
10910
10913
10916
10917
10918
10920
10925
10926
10927
10944
10949
10950
10957
10958
10959
10965
10972
10977
10980
10982
10985
10988
10989
10992
10993
10994
11004
11005
11013
11017
11020
11021
11023
11024
11028
11029
11033
11034
11036
11037
11042
11043
11054
11057
11062
11063
11067
11071
11072
11075
11076
11080
11081
11094
11095
11098
11099
11104
11108
11111
11113
11114
11116
11124
11126
11133
11137
11141
11142
11145
11148
11149
11157
11158
11164
11175
11176
11177
11184
11190
11191
11192
11194
11198
11200
11206
11212
11225
11229
11230
11234
11235
11237
11239
11240
11248
11255
11259
11260
11261
11262
11269
11271
11274
11279
11281
11282
11288
11290
11291
11294
11300
11306
11307
11309
11313
11322
11324
11326
11327
11336
11337
11338
11339
11342
11345
11350
11353
11356
11357
11362
11365
11366
11368
11374
11377
11379
11384
11392
11393
11395
11403
11407
11408
11409
11410
11417
11418
11422
11428
11429
11432
11433
11439
11441
11442
11446
11447
11456
11457
11459
11462
11469
11471
11472
11473
11479
11480
11485
11486
11487
11488
11489
11490
11493
11494
11501
11506
11517
11520
11523
11526
11533
11540
11552
11553
11560
11573
11576
11578
11585
11586
11590
11602
11603
11605
11609
11613
11636
11637
11638
11644
11646
11647
11648
11649
11653
11654
11656
11657
11661
11662
11665
11667
11668
11669
11670
11674
11676
11693
11694
11700
11702
11703
11705
11708
11711
11712
11720
11721
11725
11726
11731
11732
11736
11740
11745
11748
11754
11768
11769
11771
11772
11775
11777
11780
11785
11787
11789
11791
11792
11797
11799
11800
11805
11813
11814
11815
11817
11823
11825
11836
11842
11843
11845
11846
11847
11849
11850
11851
11852
11853
11855
11856
11861
11868
11873
11874
11879
11880
11881
11884
11889
11890
11892
11893
11895
11899
11900
11904
11905
11908
11910
11926
11932
11933
11940
11943
11946
11959
11962
11964
11971
11973
11979
11980
11984
11986
11988
11989
11991
11994
11999
12000
12003
12008
12010
12011
12016
12017
12018
12020
12021
12023
12024
12029
12030
12034
12035
12036
12044
12046
12048
12059
12060
12062
12064
12066
12069
12078
12083
12084
12087
12089
12094
12096
12097
12101
12102
12104
12105
12110
12120
12121
12122
12123
12127
12129
12141
12144
12145
12147
12149
12151
12158
12181
12198
12203
12204
12206
12211
12216
12222
12226
12235
12250
12251
12253
12255
12257
12264
12266
12269
12284
12296
12297
12298
12299
12300
12301
12303
12305
12310
12311
12312
12314
12316
12318
12320
12325
12327
12337
12340
12341
12343
12345
12349
12356
12361
12364
12367
12372
12375
12376
12379
12380
12382
12384
12393
12394
12396
12399
12402
12412
12413
12422
12424
12425
12427
12429
12430
12431
12441
12450
12451
12452
12454
12456
12459
12462
12466
12472
12474
12475
12488
12490
12491
12492
12493
12494
12497
12507
12511
12513
12514
12519
12520
12528
12530
12531
12532
12533
12534
12537
12539
12540
12544
12551
12552
12555
12559
12562
12566
12568
12569
12578
12582
12584
12585
12589
12600
12608
12618
12621
12626
12636
12643
12644
12647
12650
12652
12653
12656
12658
12660
12662
12664
12665
12673
12674
12682
12684
12689
12692
12693
12694
12706
12708
12709
12710
12715
12720
12726
12730
12733
12734
12737
12742
12744
12748
12752
12756
12767
12770
12772
12776
12777
12778
12779
12780
12784
12787
12788
12790
12793
12795
12796
12798
12800
12802
12804
12832
12834
12838
12844
12848
12851
12854
12868
12874
12875
12880
12893
12895
12897
12900
12906
12907
12910
12912
12913
12914
12915
12918
12919
12920
12921
12922
12923
12924
12926
12929
12930
12933
12941
12943
12949
12950
12954
12956
12957
12962
12966
12970
12974
12975
12979
12980
12982
12984
12985
12988
12990
12993
12995
13007
13008
13011
13015
13019
13023
13027
13029
13033
13035
13036
13039
13042
13045
13046
13048
13049
13053
13054
13056
13058
13059
13061
13063
13066
13070
13076
13078
13080
13082
13083
13084
13088
13092
13102
13105
13107
13108
13116
13121
13123
13133
13136
13138
13141
13143
13153
13159
13164
13166
13379
13170
13171
13172
13174
13177
13180
13181
13182
13184
13185
13195
13197
13200
13202
13204
13205
13212
13213
13214
13219
13220
13227
13231
13234
13235
13237
13238
13239
13242
13243
13245
13248
13252
13260
13261
13269
13270
13274
13279
13281
13284
13288
13291
13298
13301
13302
13303
13304
13308
13315
13316
13319
13323
13328
13331
13332
13337
13340
13343
13348
13351
13352
13358
13360
13362
13363
13367
13369
13370
13374
13383
13384
13385
13387
13388
13391
13395
13396
13401
13404
13409
13414
13415
13417
13422
13427
13429
13436
13439
13441
13444
13445
13446
13447
13450
13454
13457
13461
13462
13464
13470
13473
13479
13482
13488
13490
13492
13496
13498
13499
13503
13507
13510
13518
13521
13524
13532
13534
13537
13539
13542
13550
13553
13558
13560
13563
13567
13568
13572
13573
13575
13576
13579
13581
13584
13585
13588
13594
13596
13607
13608
13613
13615
13619
13621
13624
13625
13626
13628
13633
13635
13636
13637
13638
13639
13640
13642
13645
13649
13656
13658
13661
13666
13667
13670
13674
13675
13680
13687
13691
13694
13695
13699
13701
13711
13713
13719
13720
13725
13726
13730
13738
13740
13747
13748
13749
13753
13761
13763
13764
13768
13769
13772
13774
13776
13777
13786
13794
13796
13798
13799
13801
13805
13806
13814
13816
13822
13824
13827
13831
13837
13839
13840
13843
13844
13846
13856
13860
13862
13863
13864
13866
13871
13877
13881
13890
13891
13893
13895
13900
13902
13904
13908
13913
13915
13924
13934
13936
13938
13942
13944
13945
13958
13959
13961
13965
13966
13980
13981
13990
13994
13995
13998
14003
14010
14014
14015
14018
14019
14020
14023
14024
14027
14028
14036
14037
14038
14041
14047
14050
14051
14052
14058
14063
14068
14070
14071
14329
14075
14082
14083
14085
14091
14092
14093
14094
14095
14099
14100
14104
14105
14109
14116
14120
14124
14130
14131
14132
14133
14135
14136
14145
14151
14152
14154
14155
14156
14159
14163
14164
14168
14171
14180
14185
14187
14189
14190
14191
14193
14196
14197
14198
14201
14207
14209
14212
14218
14221
14228
14232
14241
14244
14251
14255
14258
14260
14265
14266
14273
14274
14275
14278
14280
14281
14287
14289
14293
14296
14298
14310
14311
14316
14317
14324
14328
14334
14336
14339
14344
14346
14349
14351
14354
14356
14358
14366
14368
14372
14373
14374
14383
14388
14392
14397
14404
14405
14411
14412
14416
14418
14419
14427
14429
14430
14431
14435
14436
14439
14447
14450
14457
14459
14462
14464
14466
14474
14475
14479
14480
14494
14498
14500
14503
14506
14507
14508
14512
14514
14517
14518
14519
14525
14530
14532
14533
14536
14543
14548
14558
14560
14564
14566
14572
14575
14577
14580
14584
14586
14588
14589
14591
14592
14593
14599
14601
14606
14607
14618
14622
14628
14633
14634
14635
14638
14646
14648
14649
14651
14658
14664
14669
14670
14675
14676
14691
14693
14694
14699
14702
14707
14708
14709
14710
14712
14717
14718
14721
14722
14723
14726
14728
14733
14735
14739
14742
14744
14745
14751
14753
14757
14760
14762
14764
14765
14766
14770
14781
14791
14798
14800
14803
14805
14807
14814
14815
14816
14819
14821
14823
14824
14827
14829
14833
14835
14839
14840
14844
14848
14853
14854
14856
14858
14859
14860
14863
14864
14866
14873
14875
14883
14885
14886
14889
14894
14900
14902
14904
14906
14910
14914
14924
14926
14929
14933
14938
14945
14952
14958
14962
14968
14970
14971
14973
14975
14984
14987
14989
15008
15011
15014
15018
15019
15021
15022
15028
15029
15032
15034
15039
15046
15051
15052
15054
15057
15060
15070
15071
15078
15080
15082
15087
15092
15093
15102
15103
15104
15111
15113
15114
15118
15123
15130
15133
15139
15141
15148
15150
15152
15154
15156
15171
15173
15176
15184
15186
15188
15189
15191
15194
15198
15199
15203
15205
15206
15208
15214
15222
15230
15232
15233
15234
15238
15241
15242
15243
15244
15245
15247
15252
15258
15261
15265
15274
15278
15283
15291
15292
15294
15295
15296
15297
15300
15301
15302
15303
15309
15312
15317
15323
15326
15331
15332
15334
15338
15340
15342
15343
15345
15347
15350
15363
15374
15376
15377
15379
15385
15387
15388
15391
15399
15401
15402
15403
15407
15408
15409
15411
15412
15417
15419
15420
15426
15439
15445
15452
15458
15461
15465
15466
15468
15475
15485
15486
15493
15496
15497
15498
15499
15502
15509
15517
15518
15519
15521
15524
15526
15529
15531
15533
15541
15545
15546
15548
15551
15554
15555
15558
15559
15560
15561
15566
15567
15568
15569
15576
15578
15584
15588
15589
15593
15595
15596
15600
15601
15602
15603
15606
15608
15617
15621
15622
15626
15629
15636
15638
15639
15641
15642
15644
15645
15652
15657
15658
15659
15667
15669
15672
15675
15676
15679
15684
15692
15694
15702
15707
15708
15713
15716
15718
15723
15727
15730
15735
15738
15755
15765
15767
15773
15775
15779
15785
15790
15791
15797
15802
15809
15810
15814
15815
15816
15817
15819
15821
15829
15830
15836
15838
15840
15842
15849
15850
15854
15855
15857
15863
15871
15872
15877
15880
15881
15882
15883
15888
15889
15891
15893
15905
15914
15918
15921
15922
15923
15929
15930
15936
15938
15940
15941
15942
15953
15957
15958
15962
15967
15973
15974
15975
15976
15978
15993
16005
16018
16024
16027
16036
16040
16044
16046
16047
16061
16070
16071
16072
16074
16084
16089
16091
16093
16094
16097
16099
16104
16117
16131
16136
16139
16142
16144
16152
16157
16169
16172
16177
16199
16209
16250
16251
16266
16277
16278
16306
16311
16313
16314
16316
16319
16325
16335
16348
16352
16360
16361
16376
16386
16392
16395
16422
16423
16429
16440
16446
16454
16457
16458
16459
16481
16490
16493
16506
16512
16513
16521
16528
16531
16570
16572
16589
16590
16609
16614
16616
16617
16629
16637
16645
16654
16657
16660
16677
16679
16684
16687
16691
16701
16704
16706
16735
16736
16740
16748
16765
16771
16797
16815
16817
16818
16823
16828
16836
16848
16856
16857
16865
16866
16879
16888
16895
16902
16907
16911
16926
16938
16943
16953
16956
16965
16983
16999
17003
17006
17008
17010
17011
17027
17030
17043
17050
17053
17061
17080
17086
17094
17098
17103
17116
17117
17118
17124
17137
17157
17159
17161
17166
17180
17183
17189
17199
17204
17213
17226
17232
17237
17917
17261
17263
17268
17279
17304
17317
17329
17330
17333
17335
17350
17354
17361
17366
17373
17377
17379
17394
17398
17426
17428
17448
17457
17466
17470
17472
17484
17507
17510
17531
17532
17536
17539
17544
17554
17562
17567
17579
17591
17606
17612
17620
17630
17640
17641
17648
17654
17659
17669
17694
17700
17704
17709
17717
17724
17741
17744
17756
17757
17767
17780
17781
17782
17784
17785
17790
17813
17815
17827
17833
17844
17846
17849
17859
17868
17883
17891
17896
17898
17902
17903
17914
17921
17927
17944
17948
17957
17958
17959
17965
17979
17986
17989
17990
17991
17998
18007
18013
18014
18024
18035
18036
18047
18054
18061
18070
18080
18091
18093
18109
18112
18120
18151
18159
18171
18174
18175
18176
18179
18185
18195
18199
18201
18224
18230
18249
18258
18265
18273
18276
18278
18286
18297
18306
18320
18321
18324
18325
18327
18334
18335
18346
18352
18353
18354
18357
18363
18366
18370
18379
18381
18387
18389
18397
18398
18399
18405
18406
18407
18412
18439
18442
18443
18479
18486
18488
18494
18498
18503
18513
18523
18528
18529
18532
18545
18547
18561
18564
18567
18570
18575
18577
18578
18590
18604
18618
18638
18641
18645
18665
18681
18684
18689
18695
18699
18700
18708
18709
18732
18736
18749
18758
18761
18768
18775
18777
18779
18787
18791
18795
18799
18834
18836
18837
18848
18859
18861
18868
18871
18874
18876
18878
18886
18888
18893
18894
18895
18899
18901
18903
18904
18913
18924
18927
18932
18935
18940
18946
18949
18956
18962
18981
18982
19004
19014
19028
19036
19038
19043
19057
19061
19062
19071
19077
19083
19095
19105
19127
19132
19138
19150
19152
19164
19168
19173
19177
19180
19187
19190
19193
19196
19226
19231
19235
19238
19241
19242
19260
19274
19292
19296
19298
19304
19318
19323
19334
19346
19354
19368
19386
19396
19408
19411
19416
19417
19418
19420
19424
19426
19430
19433
19436
19437
19443
19446
19466
19468
19475
19478
19483
19498
19522
19523
19526
19527
19529
19532
19538
19550
19560
19565
19575
19588
19591
19597
19610
19612
19624
19634
19639
19646
19648
19655
19656
19668
19677
19685
19689
19692
19698
19705
19723
19731
19740
19749
19753
19754
19763
19769
19772
19775
19776
19795
19804
19805
19812
19813
19819
19841
19849
19850
19852
19856
19884
19885
19896
19904
19913
19915
19918
19936
19939
19947
19949
19964
19967
19987
19997
19998
19999
20006
20011
20012
20014
20020
20025
20036
20045
20055
20057
20060
20062
20078
20081
20083
20084
20106
20108
20111
20116
20120
20123
20133
20159
20160
20175
20179
20198
20200
20204
20206
20209
20210
20211
20213
20221
20225
20240
20243
20258
20265
20270
20281
20284
20294
20299
20304
20306
20309
20316
20326
20328
20329
20330
20335
20341
20344
20351
20355
20361
20363
20364
20365
20373
20385
20388
20396
20405
20411
20413
20417
20434
20449
20451
20460
20467
20468
20471
20473
20478
20512
20513
20523
20531
20533
20551
20553
20557
20560
20571
20574
20581
20594
20597
20607
20610
20611
20616
20619
20630
20633
20635
20636
20640
20673
20680
20682
20683
20690
20691
20694
20701
20721
20727
20740
20741
20767
20772
20777
20789
20791
20808
20822
20827
20832
20837
20845
20847
20851
20864
20868
20875
20876
20877
20897
20898
20903
20911
20917
20938
20944
20946
20947
20949
20956
20966
20968
20974
20986
20990
20991
21004
21014
21017
21019
21023
21029
21036
21037
21040
21050
21054
21057
21061
21069
21070
21075
21081
21102
21107
21110
21125
21130
21135
21141
21144
21150
21160
21164
21166
21171
21173
21182
21183
21184
21185
21199
21206
21215
21219
21242
21247
21253
21257
21259
21264
21266
21267
21270
21275
21277
21285
21305
21306
21307
21313
21318
21331
21337
21339
21342
21349
21350
21355
21359
21361
21363
21364
21373
21377
21400
21405
21412
21419
21422
21426
21430
21432
21433
21438
21439
21448
21451
21452
21455
21458
21482
21483
21488
21496
21499
21508
21509
21523
21524
21526
21533
21541
21571
21572
21574
21585
21594
21600
21609
21613
21616
21629
21634
21650
21653
21664
21670
21680
21681
21682
21683
21686
21688
21690
21691
21692
21693
21697
21700
21707
21710
21722
21723
21725
21729
21735
21739
21741
21748
21751
21756
21759
21762
21770
21778
21784
21790
21793
21795
21798
21805
21814
21815
21816
21821
21827
21831
21844
21845
21847
21852
21853
21855
21857
21860
21864
21869
21884
21885
21888
21902
21910
21911
21912
21924
21939
21946
21948
21954
21955
21960
21969
21972
21973
21978
21979
21995
21999
22017
22018
22026
22052
22055
22068
22071
22073
22075
22076
22077
22089
22090
22091
22100
22102
22110
22114
22125
22130
22140
22141
22149
22152
22156
22161
22163
22172
22175
22181
22191
22193
22195
22199
22202
22204
22207
22215
22216
22238
22242
22256
22257
22264
22266
22268
22273
22274
22275
22280
22282
22288
22289
22298
22300
22301
22305
22320
22321
22326
22329
22330
22334
22335
22355
22389
22390
22392
22405
22406
22409
22411
22413
22416
22419
22425
22434
22435
22441
22446
22458
22467
22469
22473
22497
22499
22503
22505
22507
22522
22525
22531
22533
22536
22539
22556
22577
22585
22597
22598
22609
22612
22613
22616
22623
22634
22643
22647
22657
22669
22694
22696
22702
22706
22710
22719
22722
22724
22726
22729
22733
22738
22744
22749
22751
22767
22774
22788
22791
22795
22803
22804
22805
22806
22812
22820
22821
22832
22837
22840
22843
22853
22882
22884
22889
22890
22895
22899
22912
22920
22934
22937
22939
22943
22954
22961
22964
22965
22970
22972
22974
22979
22980
22981
22983
22990
22996
23003
23005
23006
23008
23010
23016
23019
23020
23025
23027
23028
23030
23031
23037
23039
23047
23049
23051
23052
23054
23055
23067
23074
23080
23084
23090
23092
23100
23101
23102
23121
23136
23137
23140
23149
23152
23160
23167
23168
23173
23174
23181
23184
23187
23191
23193
23209
23226
23231
23233
23236
23239
23241
23247
23254
23261
23266
23269
23274
23284
23286
23290
23293
23297
23302
23303
23304
23308
23309
23312
23314
23322
23331
23332
23337
23338
23348
23356
23362
23370
23374
23377
23391
23393
23397
23398
23402
23405
23407
23419
23420
23421
23439
23441
23443
23451
23457
23467
23468
23477
23479
23484
23500
23506
23509
23517
23523
23525
23526
23547
23549
23560
23568
23571
23573
23577
23578
23580
23587
23592
23602
23611
23619
23624
23626
23628
23630
23631
23633
23644
23645
23661
23672
23677
23678
23688
23691
23693
23700
23701
23703
23706
23721
23725
23728
23735
23740
23761
23762
23786
23793
23794
23796
23803
23804
23808
23810
23813
23815
23817
23820
23829
23865
23866
23870
23873
23874
23877
23878
23890
23893
23894
23896
23902
23904
23905
23906
23911
23913
